
Q-Table inicial:
[[0. 0. 0. 0.]
 [0. 0. 0. 0.]
 [0. 0. 0. 0.]
 [0. 0. 0. 0.]
 [0. 0. 0. 0.]
 [0. 0. 0. 0.]
 [0. 0. 0. 0.]
 [0. 0. 0. 0.]
 [0. 0. 0. 0.]
 [0. 0. 0. 0.]
 [0. 0. 0. 0.]]

 Q-Table a meitat de l'entrenament:
 [ 3.07668822e-01 -1.36114531e+00  2.58292250e-01  2.29743922e+01]
 [ 6.69254307e+00  7.94519404e+00  7.31333680e-02  5.13877360e+01]
 [ 1.68956961e+01  1.84399181e+00  4.91405808e+00  8.39987577e+01]
 [ 0.00000000e+00  0.00000000e+00  0.00000000e+00  0.00000000e+00]
 [ 6.07944256e+00 -3.69386050e+00 -2.25386733e+00 -2.66624080e+00]
 [ 2.29696552e+01 -2.33597916e-01 -6.38029868e-01  8.87699106e-01]
 [ 2.38652659e+01 -1.38155115e+00 -1.20327974e-01  6.80476268e-01]
 [-2.23137318e+00 -5.19215977e+00 -4.34541599e+00 -3.95770194e+00]
 [-2.41680155e+00 -1.92731177e+00 -2.78013947e+00 -1.69308286e+00]
 [ 2.37370487e+00 -4.28872177e-01 -3.98604366e-01 -7.14405273e-01]
 [ 3.92680121e+00 -1.04283607e+00 -3.22740093e-01 -1.36354193e+00]]

 Q-Table final:
 [[ 3.18170330e-01 -1.36114531e+00  2.58292250e-01  2.79037593e+01]
 [ 6.69254307e+00  7.94519404e+00  7.31333680e-02  5.68039793e+01]
 [ 1.68956961e+01  1.84399181e+00  4.93327615e+00  8.69198148e+01]
 [ 0.00000000e+00  0.00000000e+00  0.00000000e+00  0.00000000e+00]
 [ 8.91906510e+00 -3.69386050e+00 -2.25386733e+00 -2.66624080e+00]
 [ 2.30525980e+01 -2.33597916e-01 -6.38029868e-01  8.87699106e-01]
 [ 2.38652659e+01 -1.38155115e+00 -1.20327974e-01  6.80476268e-01]
 [-1.23136734e+00 -5.19215977e+00 -4.34541599e+00 -3.95829360e+00]
 [-2.41680155e+00 -1.92731177e+00 -2.78013947e+00 -1.69242371e+00]
 [ 2.38582618e+00 -4.28872177e-01 -3.98604366e-01 -7.14405273e-01]
 [ 3.92680121e+00 -1.04283607e+00 -3.22740093e-01 -1.36354193e+00]]